%YAML:1.0
count: 4
p0: "C5"
p1: "C4"
p2: "C3"
p3: "C2"